*__Pression
  5.E5     55.E5     105.E5   155.E5    215.E5


*__Enthalpie
     0.100000000000D+06     0.200000000000D+06     0.300000000000D+06
     0.400000000000D+06     0.500000000000D+06     0.600000000000D+06
     0.640383258669D+06     0.844854176647D+06     0.961972654081D+06
     0.104962946762D+07     0.112188517036D+07     0.118457678881D+07
     0.124074788441D+07


1.E15 1.E15 1.E15 1.E15 1.E15 1.E15 1.E15 1.E15 1.E15 1.E15
1.E15 1.E15 1.E15 1.E15 1.E15 1.E15 1.E15 1.E15 1.E15 1.E15
1.E15 1.E15 1.E15 1.E15 1.E15 1.E15 1.E15 1.E15 1.E15 1.E15
1.E15 1.E15 1.E15 1.E15 1.E15 1.E15 1.E15 1.E15 1.E15 1.E15
1.E15 1.E15 1.E15 1.E15 1.E15 1.E15 1.E15 1.E15 1.E15 1.E15
1.E15 1.E15 1.E15 1.E15 1.E15 1.E15 1.E15 1.E15 1.E15 1.E15
1.E15 1.E15 1.E15 1.E15 1.E15

FONCTION_DE_P_H  SVPH