*__Pression
5.E5     15.E5     25.E5     35.E5     45.E5     55.E5     65.E5

*__Enthalpie
     0.100000000000D+06     0.200000000000D+06     0.300000000000D+06
     0.400000000000D+06     0.500000000000D+06     0.600000000000D+06
     0.640383258669D+06     0.844854176647D+06     0.961972654081D+06
     0.104962946762D+07     0.112188517036D+07     0.118457678881D+07
     0.124074788441D+07

* 0.100000000000D+06
     0.605213097917D+00     0.605283172253D+00     0.605352914831D+00
     0.605422336306D+00     0.605491447418D+00     0.605560259541D+00
     0.605628783984D+00
* 0.200000000000D+06
     0.640908123604D+00     0.641111987148D+00     0.641314449729D+00
     0.641515506234D+00     0.641715151666D+00     0.641913381148D+00
     0.642110189928D+00
* 0.300000000000D+06
     0.664516180630D+00     0.664864201873D+00     0.665210691011D+00
     0.665555642027D+00     0.665899048968D+00     0.666240905956D+00
     0.666581207174D+00
* 0.400000000000D+06
     0.677732379278D+00     0.678201840194D+00     0.678669745945D+00
     0.679136092948D+00     0.679600877655D+00     0.680064096552D+00
     0.680525746154D+00
* 0.500000000000D+06
     0.683301853024D+00     0.683875246608D+00     0.684446987288D+00
     0.685017075370D+00     0.685585511132D+00     0.686152294819D+00
     0.686717426645D+00
* 0.600000000000D+06
     0.683170985605D+00     0.683841605754D+00     0.684510366244D+00
     0.685177273880D+00     0.685842335305D+00     0.686505557004D+00
     0.687166945305D+00
* 0.640383258669D+06
     0.681748096206D+00     0.682457947832D+00     0.683165812341D+00
     0.683871700437D+00     0.684575622578D+00     0.685277588984D+00
     0.685977609639D+00
* 0.844854176647D+06
     0.663431043317D+00     0.664358154393D+00     0.665281796578D+00
     0.666202023340D+00     0.667118886836D+00     0.668032437952D+00
     0.668942726343D+00
* 0.961972654081D+06
     0.644399550796D+00     0.645486464055D+00     0.646567783926D+00
     0.647643623694D+00     0.648714093639D+00     0.649779301036D+00
     0.650839350155D+00
* 0.104962946762D+07
     0.625661467044D+00     0.626902909438D+00     0.628136065884D+00
     0.629361113346D+00     0.630578228788D+00     0.631787589174D+00
     0.632989371468D+00
* 0.112188517036D+07
     0.607048521908D+00     0.608447176280D+00     0.609835368886D+00
     0.611213099726D+00     0.612580368800D+00     0.613937176108D+00
     0.615283521650D+00
* 0.118457678881D+07
     0.589241253359D+00     0.590639907731D+00     0.592028100337D+00
     0.593405831177D+00     0.594773100251D+00     0.596129907559D+00
     0.597625675112D+00
* 0.124074788441D+07
     0.571615425149D+00     0.573014079521D+00     0.574402272127D+00
     0.575780002967D+00     0.577147272041D+00     0.578504079349D+00
     0.579999846902D+00

GRILLE_PARTIELLE    7  18
*scale___0_________0_________0_________0_________0_________0_________012
*__Pression
45.E5    55.E5     65.E5     75.E5     85.E5     95.E5    105.E5

*__Enthalpie
     0.100000000000D+06     0.200000000000D+06     0.300000000000D+06
     0.400000000000D+06
     0.050000000000D+07     0.060000000000D+07     0.070000000000D+07
     0.080000000000D+07     0.090000000000D+07     0.100000000000D+07
     0.110000000000D+07
     0.112188517036D+07     0.118457678881D+07     0.124074788441D+07
     0.129221453717D+07     0.134016624168D+07     0.138544049144D+07
     0.142866489101D+07

* 0.100000000000D+06
     0.605491447418D+00     0.605560259541D+00     0.605628783984D+00
     0.605697032979D+00     0.605765018735D+00     0.605832753911D+00
     0.605900251517D+00
* 0.200000000000D+06
     0.641715151666D+00     0.641913381148D+00     0.642110189928D+00
     0.642305573361D+00     0.642499526801D+00     0.642692046182D+00
     0.642883126843D+00
* 0.300000000000D+06
     0.665899048968D+00     0.666240905956D+00     0.666581207174D+00
     0.666919946873D+00     0.667257119364D+00     0.667592719020D+00
     0.667926740271D+00
* 0.400000000000D+06
     0.679600877655D+00     0.680064096552D+00     0.680525746154D+00
     0.680985823010D+00     0.681444323694D+00     0.681901244811D+00
     0.682356582991D+00
* 0.500000000000D+06
     0.685585511132D+00     0.686152294819D+00     0.686717426645D+00
     0.687280906794D+00     0.687842735418D+00     0.688402912636D+00
     0.688961438536D+00
* 0.600000000000D+06
     0.685842335305D+00     0.686505557004D+00     0.687166945305D+00
     0.687826506386D+00     0.688484246270D+00     0.689140170834D+00
     0.689794285809D+00
* 0.700000000000D+06
     0.681370787346D+00     0.682130904887D+00     0.682888848619D+00
     0.683644635387D+00     0.684398281658D+00     0.685149803526D+00
     0.685899216721D+00
* 0.800000000000D+06
     0.672513333710D+00     0.673376655234D+00     0.674237160439D+00
     0.675094885123D+00     0.675949864019D+00     0.676802132008D+00
     0.677651721759D+00
* 0.900000000000D+06
     0.659248368341D+00     0.660228869706D+00     0.661205368949D+00
     0.662177935175D+00     0.663146636243D+00     0.664111536329D+00
     0.665072700980D+00
* 0.100000000000D+07
     0.641326425089D+00     0.642450123439D+00     0.643567740839D+00
     0.644679405273D+00     0.645785240593D+00     0.646885367109D+00
     0.647979901740D+00
* 0.110000000000D+07
     0.618333447629D+00     0.619642489853D+00     0.620942039768D+00
     0.622232327490D+00     0.623513575105D+00     0.624785997096D+00
     0.626049800734D+00
* 0.112188517036D+07
     0.612580368800D+00     0.613937176108D+00     0.615283521650D+00
     0.616619666846D+00     0.617945863385D+00     0.619262354543D+00
     0.620569374116D+00
* 0.118457678881D+07
     0.594620393166D+00     0.596129907559D+00     0.597625675112D+00
     0.599108072772D+00     0.600577461419D+00     0.602034186840D+00
     0.603478580703D+00
* 0.124074788441D+07
     0.576685269583D+00     0.578351251229D+00     0.579999846902D+00
     0.581631578721D+00     0.583246946045D+00     0.584846425473D+00
     0.586430470844D+00
* 0.129221453717D+07
     0.558832461260D+00     0.560655535128D+00     0.562457420528D+00
     0.564238728378D+00     0.566000069596D+00     0.567742055100D+00
     0.569465295808D+00
* 0.134016624168D+07
     0.541177329152D+00     0.543147762837D+00     0.545095909459D+00
     0.547021769018D+00     0.548925341514D+00     0.550806626947D+00
     0.552665625317D+00
* 0.138544049144D+07
     0.524514987412D+00     0.526485421097D+00     0.528433567719D+00
     0.530359427278D+00     0.532262999774D+00     0.534144285207D+00
     0.536133254618D+00
* 0.142866489101D+07
     0.508348200880D+00     0.510318634565D+00     0.512266781187D+00
     0.514192640746D+00     0.516096213242D+00     0.517977498675D+00
     0.519966468086D+00

GRILLE_PARTIELLE    8  21
*scale___0_________0_________0_________0_________0_________0_________012
*__Pression
85.E5   95.E5    105.E5   115.E5   125.E5   135.E5   145.E5   155.E5

*__Enthalpie
     0.100000000000D+06     0.200000000000D+06     0.300000000000D+06
     0.400000000000D+06     0.500000000000D+06     0.600000000000D+06
     0.070000000000D+07     0.080000000000D+07     0.090000000000D+07
     0.100000000000D+07     0.110000000000D+07     0.120000000000D+07
     0.130000000000D+07
     0.134016624168D+07     0.138544049144D+07     0.142866489101D+07
     0.147033867764D+07     0.151088457851D+07     0.155068630970D+07
     0.159012090932D+07     0.162959358752D+07

* 0.100000000000D+06
     0.605765018735D+00     0.605832753911D+00     0.605900251517D+00
     0.605967524923D+00     0.606034587852D+00     0.606101454375D+00
     0.606168138924D+00     0.606234656275D+00
* 0.200000000000D+06
     0.642499526801D+00     0.642692046182D+00     0.642883126843D+00
     0.643072764696D+00     0.643260955645D+00     0.643447695690D+00
     0.643632980939D+00     0.643816807593D+00
* 0.300000000000D+06
     0.667257119364D+00     0.667592719020D+00     0.667926740271D+00
     0.668259177606D+00     0.668590025569D+00     0.668919278755D+00
     0.669246931813D+00     0.669572979442D+00
* 0.400000000000D+06
     0.681444323694D+00     0.681901244811D+00     0.682356582991D+00
     0.682810334889D+00     0.683262497185D+00     0.683713066582D+00
     0.684162039804D+00     0.684609413598D+00
* 0.500000000000D+06
     0.687842735418D+00     0.688402912636D+00     0.688961438536D+00
     0.689518313176D+00     0.690073536580D+00     0.690627108741D+00
     0.691179029621D+00     0.691729299148D+00
* 0.600000000000D+06
     0.688484246270D+00     0.689140170834D+00     0.689794285809D+00
     0.690446596780D+00     0.691097109194D+00     0.691745828356D+00
     0.692392759437D+00     0.693037907466D+00
* 0.700000000000D+06
     0.684398281658D+00     0.685149803526D+00     0.685899216721D+00
     0.686646536620D+00     0.687391778251D+00     0.688134956303D+00
     0.688876085128D+00     0.689615178935D+00
* 0.800000000000D+06
     0.675949864019D+00     0.676802132008D+00     0.677651721759D+00
     0.678498666132D+00     0.679342997007D+00     0.680184745544D+00
     0.681023942197D+00     0.681860616736D+00
* 0.900000000000D+06
     0.663146636243D+00     0.664111536329D+00     0.665072700980D+00
     0.666030192170D+00     0.666984070848D+00     0.667934396493D+00
     0.668881227154D+00     0.669824619499D+00
* 0.100000000000D+07
     0.645785240593D+00     0.646885367109D+00     0.647979901740D+00
     0.649068957391D+00     0.650152646871D+00     0.651231075444D+00
     0.652304348359D+00     0.653372567965D+00
* 0.110000000000D+07
     0.623513575105D+00     0.624785997096D+00     0.626049800734D+00
     0.627305186450D+00     0.628552348176D+00     0.629791473662D+00
     0.631022744776D+00     0.632246337782D+00
* 0.120000000000D+07
     0.595982534443D+00     0.597476925046D+00     0.598958183197D+00
     0.600426656480D+00     0.601882675864D+00     0.603326560900D+00
     0.604758618375D+00     0.606179143489D+00
* 0.130000000000D+07
     0.563288156842D+00     0.565052434682D+00     0.566797424829D+00
     0.568523731631D+00     0.570231926891D+00     0.571922552482D+00
     0.573596122690D+00     0.575253126341D+00
* 0.134016624168D+07
     0.548925341514D+00     0.550806626947D+00     0.552665625317D+00
     0.554503101634D+00     0.556319774974D+00     0.558116322366D+00
     0.559893382298D+00     0.561651557876D+00
* 0.138544049144D+07
     0.532129202903D+00     0.534144285207D+00     0.536133254618D+00
     0.538097107453D+00     0.540036775797D+00     0.541953132624D+00
     0.543846996559D+00     0.545719136281D+00
* 0.142866489101D+07
     0.515713102068D+00     0.517854846645D+00     0.519966468086D+00
     0.522049187410D+00     0.524104154431D+00     0.526132451051D+00
     0.528135094553D+00     0.530113040894D+00
* 0.147033867764D+07
     0.499759800857D+00     0.502018144527D+00     0.504242953066D+00
     0.506435474113D+00     0.508596915286D+00     0.510728444182D+00
     0.512831188377D+00     0.514906235426D+00
* 0.151088457851D+07
     0.484340609901D+00     0.486696130356D+00     0.489017380879D+00
     0.491305216262D+00     0.493560491297D+00     0.495784060776D+00
     0.497976779491D+00     0.500139502234D+00
* 0.155068630970D+07
     0.469559035561D+00     0.471968147010D+00     0.474348432866D+00
     0.476699893129D+00     0.479022527799D+00     0.481316336876D+00
     0.483581320360D+00     0.485817478251D+00
* 0.159012090932D+07
     0.455629115295D+00     0.458038226744D+00     0.460418512600D+00
     0.462769972863D+00     0.465092607533D+00     0.467386416610D+00
     0.469651400094D+00     0.471926581286D+00
* 0.162959358752D+07
     0.442208304886D+00     0.444617416335D+00     0.446997702191D+00
     0.449349162454D+00     0.451671797124D+00     0.453965606201D+00
     0.456230589685D+00     0.458505770877D+00

GRILLE_PARTIELLE    9  24
*scale___0_________0_________0_________0_________0_________0_________012
*__Pression
135.E5   145.E5    155.E5    165.E5    175.E5
185.E5   195.E5    205.E5    215.E5

*__Enthalpie
     0.100000000000D+06     0.200000000000D+06     0.300000000000D+06
     0.400000000000D+06     0.500000000000D+06     0.600000000000D+06
     0.070000000000D+07     0.080000000000D+07     0.090000000000D+07
     0.100000000000D+07     0.110000000000D+07     0.120000000000D+07
     0.130000000000D+07     0.140000000000D+07     0.150000000000D+07
     0.155068630970D+07     0.159012090932D+07     0.162959358752D+07
     0.166958508720D+07     0.171073039430D+07     0.175397418902D+07
     0.180093878002D+07     0.185507922906D+07     0.192901658971D+07

* 0.100000000000D+06
     0.606101454375D+00     0.606168138924D+00     0.606234656275D+00
     0.606301021566D+00     0.606367250283D+00     0.606433358272D+00
     0.606499361726D+00     0.606565277186D+00     0.606631121576D+00
* 0.200000000000D+06
     0.643447695690D+00     0.643632980939D+00     0.643816807593D+00
     0.643999171952D+00     0.644180070411D+00     0.644359499457D+00
     0.644537455671D+00     0.644713935723D+00     0.644888936371D+00
* 0.300000000000D+06
     0.668919278755D+00     0.669246931813D+00     0.669572979442D+00
     0.669897416391D+00     0.670220237454D+00     0.670541437474D+00
     0.670861011335D+00     0.671178953967D+00     0.671495260341D+00
* 0.400000000000D+06
     0.683713066582D+00     0.684162039804D+00     0.684609413598D+00
     0.685055184728D+00     0.685499350117D+00     0.685941906161D+00
     0.686382850087D+00     0.686822178415D+00     0.687259888545D+00
* 0.500000000000D+06
     0.690627108741D+00     0.691179029621D+00     0.691729299148D+00
     0.692277917220D+00     0.692824883706D+00     0.693370198438D+00
     0.693913861222D+00     0.694455871829D+00     0.694996230001D+00
* 0.600000000000D+06
     0.691745828356D+00     0.692392759437D+00     0.693037907466D+00
     0.693681277350D+00     0.694322873859D+00     0.694962701636D+00
     0.695600765198D+00     0.696237068936D+00     0.696871617121D+00
* 0.700000000000D+06
     0.688134956303D+00     0.688876085128D+00     0.689615178935D+00
     0.690352250898D+00     0.691087314948D+00     0.691820383997D+00
     0.692551470833D+00     0.693280587953D+00     0.694007747563D+00
* 0.800000000000D+06
     0.680184745544D+00     0.681023942197D+00     0.681860616736D+00
     0.682694798263D+00     0.683526515230D+00     0.684355795452D+00
     0.685182666127D+00     0.686007153847D+00     0.686829284616D+00
* 0.900000000000D+06
     0.667934396493D+00     0.668881227154D+00     0.669824619499D+00
     0.670764628855D+00     0.671701309253D+00     0.672634713462D+00
     0.673564893030D+00     0.674491898319D+00     0.675415778539D+00
* 0.100000000000D+07
     0.651231075444D+00     0.652304348359D+00     0.653372567965D+00
     0.654435832993D+00     0.655494240234D+00     0.656547883843D+00
     0.657596855585D+00     0.658641244924D+00     0.659681139386D+00
* 0.110000000000D+07
     0.629791473662D+00     0.631022744776D+00     0.632246337782D+00
     0.633462423598D+00     0.634671168045D+00     0.635872732068D+00
     0.637067271956D+00     0.638254939541D+00     0.639435882389D+00
* 0.120000000000D+07
     0.603326560900D+00     0.604758618375D+00     0.606179143489D+00
     0.607588420540D+00     0.608986723554D+00     0.610374316867D+00
     0.611751455667D+00     0.613118386487D+00     0.614475347668D+00
* 0.130000000000D+07
     0.571922552482D+00     0.573596122690D+00     0.575253126341D+00
     0.576894028714D+00     0.578519273284D+00     0.580129283300D+00
     0.581724463213D+00     0.583305199988D+00     0.584871864292D+00
* 0.140000000000D+07
     0.536655431474D+00     0.538586364139D+00     0.540494600120D+00
     0.542380919003D+00     0.544246053814D+00     0.546090694661D+00
     0.547915492092D+00     0.549721060181D+00     0.551507979344D+00
* 0.150000000000D+07
     0.499782153955D+00     0.501951748158D+00     0.504091804001D+00
     0.506203331959D+00     0.508287336861D+00     0.510344802130D+00
     0.512376679904D+00     0.514383885160D+00     0.516367292581D+00
* 0.155068630970D+07
     0.481316336876D+00     0.483581320360D+00     0.485817478251D+00
     0.488024577378D+00     0.490202799995D+00     0.492352598804D+00
     0.494474598822D+00     0.496569530413D+00     0.498638183364D+00
* 0.159012090932D+07
     0.467361456226D+00     0.469651400094D+00     0.471926581286D+00
     0.474181741497D+00     0.476413611934D+00     0.478620270352D+00
     0.480800699554D+00     0.482954494250D+00     0.485081663170D+00
* 0.162959358752D+07
     0.454130246343D+00     0.456295877329D+00     0.458505770877D+00
     0.460735820728D+00     0.462969638344D+00     0.465196352336D+00
     0.467408869139D+00     0.469602594934D+00     0.471774618817D+00
* 0.166958508720D+07
     0.442501339542D+00     0.444063900746D+00     0.445872837505D+00
     0.447846207402D+00     0.449923286897D+00     0.452060883017D+00
     0.454229645046D+00     0.456410376215D+00     0.458590345392D+00
* 0.171073039430D+07
     0.435313120274D+00     0.434946698942D+00     0.435347475864D+00
     0.436330295837D+00     0.437737542436D+00     0.439439138014D+00
     0.441332543702D+00     0.443342759409D+00     0.445422323822D+00
* 0.175397418902D+07
     0.438693157891D+00     0.434092113135D+00     0.430968290268D+00
     0.429126967316D+00     0.428373422305D+00     0.428512933261D+00
     0.429350778210D+00     0.430692235178D+00     0.432342582191D+00
* 0.180093878002D+07
     0.456304112119D+00     0.447173291425D+00     0.439360347579D+00
     0.432865280581D+00     0.427688090431D+00     0.423828777129D+00
     0.421287340675D+00     0.420063781069D+00     0.420158098311D+00
* 0.185507922906D+07
     0.469498370000D+00     0.462450200000D+00     0.455402030000D+00
     0.448353860000D+00     0.441305690000D+00     0.434257520000D+00
     0.427209350000D+00     0.420161180085D+00     0.413113012206D+00
* 0.192901658971D+07
     0.512864940000D+00     0.505816770000D+00     0.498768600000D+00
     0.491720430000D+00     0.484672260000D+00     0.477624090000D+00
     0.470575920000D+00     0.463527746511D+00     0.456479578632D+00



FONCTION_DE_P_H  CTVPH