*__Pression
  5.E5    15.E5     25.E5     35.E5     45.E5     55.E5     65.E5
 75.E5    85.E5     95.E5    105.E5    115.E5    125.E5    135.E5
145.E5   155.E5    165.E5    175.E5    185.E5    195.E5    205.E5
215.E5

*__Enthalpie
     0.100000000000D+06     0.200000000000D+06     0.300000000000D+06
     0.400000000000D+06     0.500000000000D+06     0.600000000000D+06
     0.640383258669D+06     0.844854176647D+06     0.961972654081D+06
     0.104962946762D+07     0.112188517036D+07     0.118457678881D+07
     0.124074788441D+07
     0.129221453717D+07     0.134016624168D+07     0.138544049144D+07
     0.142866489101D+07
     0.147033867764D+07     0.151088457851D+07     0.155068630970D+07
     0.159012090932D+07     0.162959358752D+07
     0.166958508720D+07     0.171073039430D+07     0.175397418902D+07
     0.180093878002D+07     0.185507922906D+07     0.192901658971D+07

* 0.100000000000D+06
     0.997557223346D+03     0.998063638721D+03     0.998569147628D+03
     0.999073763281D+03     0.999577498766D+03     0.100008036697D+04
     0.100058238067D+04
     0.100108355243D+04     0.100158389468D+04     0.100208341969D+04
     0.100258213960D+04
     0.100308006637D+04     0.100357721183D+04     0.100407358766D+04
     0.100456920538D+04     0.100506407637D+04
     0.100555821188D+04     0.100605162300D+04     0.100654432069D+04
     0.100703631576D+04     0.100752761888D+04     0.100801824058D+04
* 0.200000000000D+06
     0.989239801149D+03     0.989766577351D+03     0.990292144458D+03
     0.990816515593D+03     0.991339703698D+03     0.991861721533D+03
     0.992382581685D+03
     0.992902296566D+03     0.993420878460D+03     0.993938339325D+03
     0.994454691194D+03
     0.994969945779D+03     0.995484114676D+03     0.995997209325D+03
     0.996509241014D+03     0.997020220880D+03
     0.997530159913D+03     0.998039068959D+03     0.998546958717D+03
     0.999053839751D+03     0.999559722482D+03     0.100006461720D+04
* 0.300000000000D+06
     0.977051271242D+03     0.977605818362D+03     0.978158876995D+03
     0.978710462089D+03     0.979260588371D+03     0.979809270342D+03
     0.980356522291D+03
     0.980902358291D+03     0.981446792212D+03     0.981989837717D+03
     0.982531508274D+03
     0.983071817152D+03     0.983610777432D+03     0.984148402007D+03
     0.984684703588D+03     0.985219694703D+03
     0.985753387707D+03     0.986285794782D+03     0.986816927938D+03
     0.987346799022D+03     0.987875419716D+03     0.988402801542D+03
* 0.400000000000D+06
     0.961832453341D+03     0.962421862011D+03     0.963009471359D+03
     0.963595299794D+03     0.964179365425D+03     0.964761686062D+03
     0.965342279230D+03
     0.965921162170D+03     0.966498351850D+03     0.967073864967D+03
     0.967647717956D+03
     0.968219926997D+03     0.968790508014D+03     0.969359476689D+03
     0.969926848463D+03     0.970492638541D+03
     0.971056861899D+03     0.971619533088D+03     0.972180667233D+03
     0.972740278055D+03     0.973298380111D+03     0.973854986525D+03
* 0.500000000000D+06
     0.944063907030D+03     0.944695909342D+03     0.945325725972D+03
     0.945953380793D+03     0.946578897248D+03     0.947202298361D+03
     0.947823606747D+03
     0.948442844620D+03     0.949060033809D+03     0.949675195762D+03
     0.950288351558D+03
     0.950899521914D+03     0.951508727196D+03     0.952115987429D+03
     0.952721322299D+03     0.953324751168D+03
     0.953926293076D+03     0.954525966755D+03     0.955123790628D+03
     0.955719782822D+03     0.956313961176D+03     0.956906343241D+03
* 0.600000000000D+06
     0.924016935658D+03     0.924700868797D+03     0.925382108858D+03
     0.926060688192D+03     0.926736638499D+03     0.927409990849D+03
     0.928080775693D+03
     0.928749022889D+03     0.929414761713D+03     0.930078020876D+03
     0.930738828540D+03
     0.931397212331D+03     0.932053199359D+03     0.932706816223D+03
     0.933358089063D+03     0.934007043419D+03
     0.934653704540D+03     0.935298097103D+03     0.935940245371D+03
     0.936580173175D+03     0.937217903924D+03     0.937853460615D+03
* 0.640383258669D+06
     0.915307070946D+03     0.916015135615D+03     0.916720254508D+03
     0.917422464657D+03     0.918121802308D+03     0.918818302950D+03
     0.919512001337D+03
     0.920202931507D+03     0.920891126805D+03     0.921576619901D+03
     0.922259442812D+03     0.922939626917D+03     0.923617202980D+03
     0.924292201160D+03     0.924964651035D+03
     0.925634581613D+03     0.926302021350D+03     0.926966998162D+03
     0.927629539439D+03     0.928289672080D+03     0.928947422459D+03
     0.929602816481D+03
* 0.844854176647D+06
     0.865819253813D+03     0.866687368062D+03     0.867550536946D+03
     0.868408843257D+03     0.869262367463D+03     0.870111187793D+03
     0.870955380322D+03
     0.871795019058D+03     0.872630176018D+03     0.873460921302D+03
     0.874287323169D+03     0.875109448097D+03     0.875927360855D+03
     0.876741124561D+03     0.877550800743D+03
     0.878356448849D+03     0.879158129018D+03     0.879955896702D+03
     0.880749808142D+03     0.881539917703D+03     0.882326278459D+03
     0.883108942238D+03
* 0.961972654081D+06
     0.833196594781D+03     0.834197892420D+03     0.835192094903D+03
     0.836179347982D+03     0.837159792831D+03     0.838133566046D+03
     0.839100799645D+03
     0.840061621279D+03     0.841016154432D+03     0.841964518611D+03
     0.842906829523D+03     0.843843199245D+03     0.844773736381D+03
     0.845698546213D+03     0.846617730098D+03
     0.847531389316D+03     0.848439617769D+03     0.849342509532D+03
     0.850240155248D+03     0.851132642978D+03     0.852020058311D+03
     0.852902484453D+03
* 0.104962946762D+07
     0.806473487711D+03     0.807606334567D+03     0.808729530637D+03
     0.809843288315D+03     0.810947819995D+03     0.812043338071D+03
     0.813130054937D+03
     0.814208174679D+03     0.815277893519D+03     0.816339400239D+03
     0.817392876568D+03     0.818438497550D+03     0.819476431890D+03
     0.820506842232D+03     0.821529885542D+03
     0.822545713303D+03     0.823554471820D+03     0.824556302454D+03
     0.825551341861D+03     0.826539722202D+03     0.827521570942D+03
     0.828497013095D+03
* 0.112188517036D+07
     0.782752903551D+03     0.784021454438D+03     0.785278405275D+03
     0.786523756062D+03     0.787757506799D+03     0.788979657486D+03
     0.790190208123D+03
     0.791389474259D+03     0.792577757081D+03     0.793755345271D+03
     0.794922513859D+03
     0.796079526920D+03     0.797226637286D+03     0.798364087384D+03
     0.799492109819D+03     0.800610927932D+03     0.801720756303D+03
     0.802821801229D+03     0.803914261164D+03
     0.804998327133D+03     0.806074183113D+03     0.807142006399D+03
* 0.118457678881D+07
     0.760740581D+03        0.762157881D+03        0.763560481D+03
     0.764948381D+03        0.766321581D+03        0.767680081496D+03
     0.769023986909D+03
     0.770353206854D+03     0.771668197607D+03     0.772969392196D+03
     0.774257202024D+03
     0.775532018356D+03     0.776794213664D+03     0.778044142877D+03
     0.779282144509D+03     0.780508541710D+03     0.781723643216D+03
     0.782927744245D+03     0.784121127301D+03
     0.785304062367D+03     0.786476810446D+03     0.787639618507D+03
* 0.124074788441D+07
     0.739707091D+03        0.741290084D+03        0.742854670D+03
     0.744400849D+03        0.745928621D+03        0.747437986D+03
     0.748928944863D+03
     0.750401496839D+03     0.751855641762D+03     0.753292028269D+03
     0.754711267741D+03
     0.756113937223D+03     0.757500582066D+03     0.758871718306D+03
     0.760227834820D+03     0.761569395289D+03     0.762896839971D+03
     0.764210587328D+03     0.765511035507D+03
     0.766798563687D+03     0.768073533326D+03     0.769336289297D+03
* 0.129221453717D+07
     0.71920384E+03         0.72091290E+03         0.72265544E+03
     0.72438916E+03
     0.726099960505D+03     0.727784784715D+03     0.729443937241D+03
     0.731078330314D+03     0.732688876165D+03     0.734276487025D+03
     0.735842075125D+03
     0.737386493910D+03     0.738910543199D+03     0.740414973769D+03
     0.741900491462D+03     0.743367760849D+03     0.744817408526D+03
     0.746250026076D+03     0.747666172744D+03
     0.749066377852D+03     0.750451142991D+03     0.751820944010D+03
* 0.134016624168D+07
     0.6990099E+03          0.7008842E+03          0.7027586E+03
     0.7046329E+03
     0.706507261637D+03     0.708381591641D+03     0.710227435045D+03
     0.712044791849D+03     0.713833662053D+03     0.715594045657D+03
     0.717325942661D+03
     0.719030627722D+03     0.720709283663D+03     0.722363010439D+03
     0.723992833014D+03     0.725599708312D+03
     0.727184531349D+03     0.728748140683D+03     0.730291323260D+03
     0.731814818742D+03     0.733319323379D+03     0.734805493480D+03
* 0.138544049144D+07
     0.678366886E+03        0.680549416E+03        0.682703136E+03
     0.684828046E+03
     0.686924146D+03        0.688991436D+03        0.691029916D+03
     0.693039586D+03        0.695020446D+03        0.696972496310D+03
     0.698897320298D+03
     0.700786800025D+03     0.702642710641D+03     0.704466684651D+03
     0.706260227391D+03     0.708024730416D+03
     0.709761483134D+03     0.711471682960D+03     0.713156444207D+03
     0.714816805912D+03     0.716453738733D+03     0.718068151065D+03
* 0.142866489101D+07
     0.657508644E+03        0.659939549E+03        0.662336909E+03
     0.664705059E+03
     0.667035329D+03        0.669332054D+03        0.671595234D+03
     0.673824869D+03        0.676020959D+03        0.678183504D+03
     0.680312504533D+03
     0.682419587106D+03     0.684482789848D+03     0.686504582726D+03
     0.688487214744D+03     0.690432740500D+03
     0.692343042813D+03     0.694219852060D+03     0.696064762829D+03
     0.697879248299D+03     0.699664672733D+03     0.701422302365D+03
* 0.147033867764D+07
     0.6364008E+03          0.6388996E+03          0.6413984E+03
     0.6438972E+03          0.6463961E+03          0.6488949E+03
     0.6513937E+03          0.6538925E+03
     0.656391381099D+03     0.658890260510D+03     0.661322175908D+03
     0.663691594530D+03     0.666002641392D+03     0.668259099289D+03
     0.670464408795D+03     0.672621668263D+03
     0.674733679355D+03     0.676802985095D+03     0.678831901898D+03
     0.680822546684D+03     0.682776859980D+03     0.684696625700D+03
* 0.151088457851D+07
     0.6131123E+03          0.6159745E+03          0.6188366E+03
     0.6216988E+03          0.6245610E+03          0.6274231E+03
     0.630285E+03           0.6331475E+03
     0.636009685841D+03     0.638871855895D+03     0.641646661661D+03
     0.644338909163D+03     0.646953404425D+03     0.649494953471D+03
     0.651968362325D+03     0.654378437011D+03
     0.656729452617D+03     0.659025231337D+03     0.661269206420D+03
     0.663464475006D+03     0.665613842116D+03     0.667719857538D+03
* 0.155068630970D+07
     0.5887732E+03          0.5920051E+03          0.5952371E+03
     0.5984691E+03          0.6017010E+03          0.6049330E+03
     0.6081650E+03          0.6113970E+03
     0.614628973034D+03     0.617860943825D+03     0.621007468541D+03
     0.624068547182D+03     0.627044179748D+03     0.629934366239D+03
     0.632739106655D+03     0.635458400996D+03
     0.638098991189D+03     0.640666792731D+03     0.643167028717D+03
     0.645604337280D+03     0.647982858603D+03     0.650306306048D+03
* 0.159012090932D+07
     0.557612904E+03        0.564634056E+03        0.566739891E+03
     0.571141733E+03        0.575435808E+03        0.579622115E+03
     0.583700655E+03        0.587671428E+03
     0.591534433D+03        0.595289670D+03        0.598937140D+03
     0.602476843D+03        0.605908778D+03        0.609232946D+03
     0.612449346616D+03     0.615557979453D+03
     0.618558844844D+03     0.621461452200D+03     0.624274018918D+03
     0.627003701172D+03     0.629656774533D+03     0.632238777104D+03
* 0.162959358752D+07
     0.525889480E+03        0.531406400E+03        0.536786454E+03
     0.542029641E+03        0.547135961E+03        0.552105414E+03
     0.556938000E+03        0.561633719E+03
     0.566192571D+03        0.570614556D+03        0.574899674D+03
     0.579047925D+03        0.583059309D+03        0.586933826D+03
     0.590671477D+03        0.594272260318D+03
     0.597736176551D+03     0.601063225815D+03     0.604266907089D+03
     0.607358689573D+03     0.610348411179D+03     0.613244582355D+03
* 0.166958508720D+07
     0.5027448E+03          0.5073139E+03          0.5118830E+03
     0.5164521E+03          0.5210212E+03          0.5255902E+03
     0.5301593E+03          0.5347284E+03          0.5392975E+03
     0.5438666E+03          0.5484356E+03          0.5530047E+03
     0.5575738E+03
     0.562142928662D+03     0.566712010372D+03     0.571021866992D+03
     0.575105535572D+03     0.578990783412D+03     0.582700796969D+03
     0.586254870764D+03     0.589669096289D+03     0.592957050914D+03
* 0.171073039430D+07
     0.4601426E+03          0.4658205E+03          0.4714984E+03
     0.4771763E+03          0.4828542E+03          0.4885322E+03
     0.4942101E+03          0.4998880E+03          0.5055659E+03
     0.5112438E+03          0.5169217E+03          0.5225996E+03
     0.5282775E+03
     0.533955483034D+03     0.539633385833D+03     0.544923196052D+03
     0.549872934012D+03     0.554525554286D+03     0.558918945699D+03
     0.563085931328D+03     0.567054268502D+03     0.570846648802D+03
* 0.175397418902D+07
     0.4086784E+03          0.4157757E+03          0.4228730E+03
     0.4299703E+03          0.4370676E+03          0.4441649E+03
     0.4512622E+03          0.4583595E+03          0.4654568E+03
     0.4725541E+03          0.4796514E+03          0.4867487E+03
     0.4938460E+03
     0.500943302401D+03     0.508040601761D+03     0.514642047255D+03
     0.520787736205D+03     0.526517765933D+03     0.531872233761D+03
     0.536891237011D+03     0.541614873005D+03     0.546083239065D+03
* 0.180093878002D+07
     0.3571173E+03          0.3652594E+03          0.3734016E+03
     0.3815438E+03          0.3896859E+03          0.3978281E+03
     0.4059703E+03          0.4141125E+03          0.4222546E+03
     0.4303968E+03          0.4385390E+03          0.4466811E+03
     0.4548233E+03
     0.462965515691D+03     0.471107690469D+03     0.478861157711D+03
     0.486225917417D+03     0.493201969587D+03     0.499789314221D+03
     0.505987951319D+03     0.511797880881D+03     0.517219102907D+03
* 0.185507922906D+07
     0.3197152E+03          0.3278573E+03          0.3359995E+03
     0.3441417E+03          0.3522839E+03          0.3604261E+03
     0.3685682E+03          0.3767104E+03          0.3848526E+03
     0.3929948E+03          0.4011370E+03          0.4092791E+03
     0.4174213E+03
     0.425563551576D+03     0.433705726354D+03     0.441459193596D+03
     0.448823953302D+03     0.455800005472D+03     0.462387350106D+03
     0.468585987204D+03     0.474395916766D+03     0.481255880026D+03
* 0.192901658971D+07
     0.2663673E+03          0.2745095E+03          0.2826517E+03
     0.2907939E+03          0.2989360E+03          0.3070782E+03
     0.3152204E+03          0.3233625E+03          0.3315047E+03
     0.3396469E+03          0.3477890E+03          0.3559312E+03
     0.3640734E+03
     0.372215600064D+03     0.380357774842D+03     0.388111242084D+03
     0.395476001790D+03     0.402452053960D+03     0.409039398594D+03
     0.415238035692D+03     0.421047965254D+03     0.427907928514D+03





FONCTION_DE_P_H  RVPH